filename,column_index,model,mse,mae,rmse
datasets/synthetic_data/s2.csv,200,Tree,3.0593424661887143,1.3811357032947786,1.7490976148256319
datasets/synthetic_data/s2.csv,200,ARMA,1.7823912267474005,1.038096531018211,1.3350622557571614
datasets/synthetic_data/s2.csv,201,Tree,1.88074551367677,1.0989859306940073,1.3714027539992655
datasets/synthetic_data/s2.csv,201,ARMA,1.8366311510704052,1.1166425970438811,1.3552236535238031
datasets/synthetic_data/s2.csv,202,Tree,2.8319146300740465,1.3400089578647894,1.6828293526302798
datasets/synthetic_data/s2.csv,202,ARMA,2.0246737782008357,1.187101063917293,1.4229103198026345
datasets/synthetic_data/s2.csv,203,Tree,2.675146406681762,1.2405641923480708,1.635587480595814
datasets/synthetic_data/s2.csv,203,ARMA,1.4176069033696836,0.9240393509231313,1.1906329843279513
datasets/synthetic_data/s2.csv,204,Tree,2.603874631603032,1.3458101988257134,1.6136525746278323
datasets/synthetic_data/s2.csv,204,ARMA,1.709052078410739,1.0629200415566236,1.3073071859401444
datasets/synthetic_data/s2.csv,205,Tree,2.347799123434382,1.1564594570158184,1.5322529567386654
datasets/synthetic_data/s2.csv,205,ARMA,1.4245807525854706,0.9424991160129705,1.193558022295301
datasets/synthetic_data/s2.csv,206,Tree,2.149332523678636,1.0896230856497922,1.4660602046569016
datasets/synthetic_data/s2.csv,206,ARMA,2.197025261725179,1.239190563660619,1.482236574142326
datasets/synthetic_data/s2.csv,207,Tree,1.673575391720383,0.9868113957251272,1.2936674192853366
datasets/synthetic_data/s2.csv,207,ARMA,1.1256503427199083,0.8953861980359136,1.0609667019845195
datasets/synthetic_data/s2.csv,208,Tree,2.17570757616812,1.2260401783666963,1.4750279916557922
datasets/synthetic_data/s2.csv,208,ARMA,2.151057788841898,1.1529299601864873,1.466648488507692
datasets/synthetic_data/s2.csv,209,Tree,1.9566415527831234,1.1300334060303376,1.3988000403142413
datasets/synthetic_data/s2.csv,209,ARMA,1.7659453616184682,1.0674818082161746,1.3288887694681102
datasets/synthetic_data/s2.csv,210,Tree,2.1289377828326046,1.2127244047335437,1.4590879969462447
datasets/synthetic_data/s2.csv,210,ARMA,1.9028167340355537,1.1331365320503362,1.3794262336332284
datasets/synthetic_data/s2.csv,211,Tree,2.3977722231022733,1.2795975943269917,1.5484741596495155
datasets/synthetic_data/s2.csv,211,ARMA,2.3979695375073584,1.239539904141521,1.5485378708663726
datasets/synthetic_data/s2.csv,212,Tree,2.4920213378182567,1.300035699151234,1.5786137392719781
datasets/synthetic_data/s2.csv,212,ARMA,2.446253605500348,1.2356532761334802,1.564050384578562
datasets/synthetic_data/s2.csv,213,Tree,1.3252401638053986,0.8093109440154214,1.1511907590861727
datasets/synthetic_data/s2.csv,213,ARMA,1.020467850719354,0.7574219234880968,1.0101820879026484
datasets/synthetic_data/s2.csv,214,Tree,1.605191402928534,1.0269102580729796,1.2669614843903243
datasets/synthetic_data/s2.csv,214,ARMA,1.9936332364451481,1.1454065042809383,1.4119607772332587
datasets/synthetic_data/s2.csv,215,Tree,2.4038480652982135,1.2161112068796012,1.5504347987897502
datasets/synthetic_data/s2.csv,215,ARMA,1.494345080057375,0.9639620904601394,1.2224340800457811
datasets/synthetic_data/s2.csv,216,Tree,2.0399222188135493,1.2411762610578916,1.4282584565874445
datasets/synthetic_data/s2.csv,216,ARMA,0.9502371797040936,0.7725204263942185,0.9748010975086628
datasets/synthetic_data/s2.csv,217,Tree,2.567485201651139,1.3294747433264942,1.6023374181648318
datasets/synthetic_data/s2.csv,217,ARMA,1.520341628775331,0.9987007027268249,1.2330213415733449
datasets/synthetic_data/s2.csv,218,Tree,3.2388048782921213,1.532143616046473,1.7996679911283973
datasets/synthetic_data/s2.csv,218,ARMA,2.053712654759223,1.1387924528764402,1.4330780351255206
datasets/synthetic_data/s2.csv,219,Tree,1.6594061700432263,1.0536068932021458,1.2881794013425407
datasets/synthetic_data/s2.csv,219,ARMA,2.4286507174323027,1.2815366694297468,1.5584128841331821
datasets/synthetic_data/s2.csv,220,Tree,2.0788262369693515,1.205636042974127,1.4418135236462972
datasets/synthetic_data/s2.csv,220,ARMA,1.8197911587798614,1.0914862000882541,1.3489963523967963
datasets/synthetic_data/s2.csv,221,Tree,4.868791093038168,1.9273726712699195,2.2065337280536115
datasets/synthetic_data/s2.csv,221,ARMA,1.5306990941989835,0.9629392617659753,1.2372142474927226
datasets/synthetic_data/s2.csv,222,Tree,2.020707300385993,1.1809921950161901,1.4215158459848392
datasets/synthetic_data/s2.csv,222,ARMA,1.5561385439753936,1.0085187240496618,1.247452822344554
datasets/synthetic_data/s2.csv,223,Tree,2.0045218647804575,1.1866627354148362,1.4158113803683234
datasets/synthetic_data/s2.csv,223,ARMA,1.5776169022074904,0.9743280019070785,1.2560322058798852
datasets/synthetic_data/s2.csv,224,Tree,3.1055232392756342,1.4859575737765132,1.7622494826997777
datasets/synthetic_data/s2.csv,224,ARMA,1.8172802144279827,1.1068530149397573,1.3480653598501753
datasets/synthetic_data/s2.csv,225,Tree,2.721978710778809,1.2449236486482063,1.6498420260069777
datasets/synthetic_data/s2.csv,225,ARMA,2.3537738449322245,1.2693977419401943,1.5342013703983661
datasets/synthetic_data/s2.csv,226,Tree,1.5770354072221135,0.9959454265401813,1.2558007036238328
datasets/synthetic_data/s2.csv,226,ARMA,1.0583050203880604,0.8232087947594582,1.0287395299044653
datasets/synthetic_data/s2.csv,227,Tree,2.8438671387836605,1.3560629219624296,1.6863769266636865
datasets/synthetic_data/s2.csv,227,ARMA,1.5218824462032001,0.9644803153790263,1.2336459971171634
datasets/synthetic_data/s2.csv,228,Tree,3.469120610288852,1.481824686052984,1.86255754549728
datasets/synthetic_data/s2.csv,228,ARMA,1.9453188866924234,1.170633597316145,1.3947468898307045
datasets/synthetic_data/s2.csv,229,Tree,1.510842233100388,1.0046852170226035,1.2291632247591806
datasets/synthetic_data/s2.csv,229,ARMA,1.2608204717459324,0.9106204007171044,1.1228626237193633
datasets/synthetic_data/s2.csv,230,Tree,3.182855267213822,1.440677470786481,1.784055847560222
datasets/synthetic_data/s2.csv,230,ARMA,1.5921541558765875,1.0170921988795616,1.2618059105411528
datasets/synthetic_data/s2.csv,231,Tree,2.4698917688911743,1.1960414896858713,1.5715889312702525
datasets/synthetic_data/s2.csv,231,ARMA,0.9936261178229883,0.807684650475049,0.9968079643657489
datasets/synthetic_data/s2.csv,232,Tree,1.6928754765520713,1.0698659742967775,1.3011054824848258
datasets/synthetic_data/s2.csv,232,ARMA,1.6003386666917159,1.0532243075165593,1.2650449267483412
datasets/synthetic_data/s2.csv,233,Tree,3.918116223257033,1.5798962065857185,1.9794232046879294
datasets/synthetic_data/s2.csv,233,ARMA,1.9667075713169975,1.1815124347340729,1.4023935151436624
datasets/synthetic_data/s2.csv,234,Tree,1.9069617643011907,1.1004969735472254,1.380927863540015
datasets/synthetic_data/s2.csv,234,ARMA,1.1710647989273713,0.8659397412365214,1.0821574741817253
datasets/synthetic_data/s2.csv,235,Tree,3.0610205036968074,1.4153076913295426,1.7495772357049024
datasets/synthetic_data/s2.csv,235,ARMA,2.1715833915817186,1.1594276445751537,1.4736293263849354
datasets/synthetic_data/s2.csv,236,Tree,1.3326797728968338,0.9314928554718368,1.154417503720744
datasets/synthetic_data/s2.csv,236,ARMA,0.8260406028118181,0.7194494031367832,0.9088677587041022
datasets/synthetic_data/s2.csv,237,Tree,2.3297015096189284,1.251078258323342,1.526335975340596
datasets/synthetic_data/s2.csv,237,ARMA,1.247488466986093,0.8726674593166651,1.1169102322864148
datasets/synthetic_data/s2.csv,238,Tree,2.6134258395750285,1.3654854421426674,1.6166093651760862
datasets/synthetic_data/s2.csv,238,ARMA,1.7192372359130086,1.1296695572024784,1.3111968715311246
datasets/synthetic_data/s2.csv,239,Tree,2.836376751202813,1.3803780021526928,1.6841546102430183
datasets/synthetic_data/s2.csv,239,ARMA,1.2128526298511715,0.9700618021533668,1.1012958866041276
datasets/synthetic_data/s2.csv,240,Tree,2.204381184640576,1.1951500929941947,1.4847158599006667
datasets/synthetic_data/s2.csv,240,ARMA,2.178982995235997,1.1737943252052276,1.47613786457634
datasets/synthetic_data/s2.csv,241,Tree,2.107176837857189,1.226173246128997,1.45161180687441
datasets/synthetic_data/s2.csv,241,ARMA,2.0768544805872167,1.0910962356041207,1.4411295849392645
datasets/synthetic_data/s2.csv,242,Tree,3.3526949760767075,1.5617424346673354,1.8310365851278634
datasets/synthetic_data/s2.csv,242,ARMA,1.599791127954022,1.1147812225515192,1.2648284974469945
datasets/synthetic_data/s2.csv,243,Tree,2.470985591917886,1.2650554994080967,1.5719368918369103
datasets/synthetic_data/s2.csv,243,ARMA,1.2748498580926388,0.9348351538571578,1.1290924931521946
datasets/synthetic_data/s2.csv,244,Tree,2.311074300501892,1.1837091771365171,1.5202217931939708
datasets/synthetic_data/s2.csv,244,ARMA,1.3519968851712143,0.8970637732446141,1.1627540088820225
datasets/synthetic_data/s2.csv,245,Tree,2.1730897919093497,1.2041668436402244,1.4741403569230949
datasets/synthetic_data/s2.csv,245,ARMA,1.4387522510193027,1.000068562727645,1.1994799919212087
datasets/synthetic_data/s2.csv,246,Tree,3.7220596348112363,1.5496920382484811,1.9292640137656734
datasets/synthetic_data/s2.csv,246,ARMA,1.7684225476348128,1.0685006111582473,1.3298204945160128
datasets/synthetic_data/s2.csv,247,Tree,2.368873466007668,1.1549217944962746,1.5391145071136416
datasets/synthetic_data/s2.csv,247,ARMA,2.378186887485287,1.117367537050745,1.5421371169533813
datasets/synthetic_data/s2.csv,248,Tree,3.0191975443807255,1.4131132274019116,1.7375838236990828
datasets/synthetic_data/s2.csv,248,ARMA,2.9650415199503772,1.5149183477207515,1.7219295920421303
datasets/synthetic_data/s2.csv,249,Tree,2.40828941696052,1.1526067374134583,1.5518664301287401
datasets/synthetic_data/s2.csv,249,ARMA,1.538215691236391,0.9500166843204753,1.2402482377477466
datasets/synthetic_data/s2.csv,250,Tree,2.142228843349317,1.1207316686188993,1.463635488552159
datasets/synthetic_data/s2.csv,250,ARMA,1.4348890339846765,0.9288024558902356,1.1978685378557516
datasets/synthetic_data/s2.csv,251,Tree,4.164302750069997,1.653832178362715,2.0406623312223897
datasets/synthetic_data/s2.csv,251,ARMA,1.8842247363024243,1.127181758903072,1.3726706583526962
datasets/synthetic_data/s2.csv,252,Tree,1.7953346979697424,1.0709050128652804,1.3399010030482634
datasets/synthetic_data/s2.csv,252,ARMA,1.1735284523407534,0.8735632027899987,1.0832951824598656
datasets/synthetic_data/s2.csv,253,Tree,1.4419577037864346,0.9478790051226947,1.200815432856538
datasets/synthetic_data/s2.csv,253,ARMA,1.087470500965988,0.8803271665754465,1.0428185369305571
datasets/synthetic_data/s2.csv,254,Tree,4.132933179013155,1.518038100977924,2.0329616767202365
datasets/synthetic_data/s2.csv,254,ARMA,1.4941862893659492,1.0211974394616825,1.2223691297500723
datasets/synthetic_data/s2.csv,255,Tree,2.4813930197084315,1.3053700255360625,1.5752437969115864
datasets/synthetic_data/s2.csv,255,ARMA,1.875395509647457,1.1687094568374023,1.369450805851549
datasets/synthetic_data/s2.csv,256,Tree,1.904911905825274,1.0842536663988658,1.3801854606629045
datasets/synthetic_data/s2.csv,256,ARMA,1.7512878199479023,1.036587703418703,1.323362316203655
datasets/synthetic_data/s2.csv,257,Tree,5.166719137818739,1.7134198743773685,2.2730418249162816
datasets/synthetic_data/s2.csv,257,ARMA,2.8213135943076613,1.3760501968941288,1.6796766338517843
datasets/synthetic_data/s2.csv,258,Tree,2.419328167442514,1.292099203259576,1.5554189684591462
datasets/synthetic_data/s2.csv,258,ARMA,1.451678991868005,1.0081441970425924,1.2048564196069194
datasets/synthetic_data/s2.csv,259,Tree,3.711176757910711,1.6538783597806956,1.9264414753401442
datasets/synthetic_data/s2.csv,259,ARMA,1.662918448265772,1.0729302939305945,1.289541952890937
datasets/synthetic_data/s2.csv,260,Tree,2.168923489484125,1.2901158720576718,1.472726549459921
datasets/synthetic_data/s2.csv,260,ARMA,1.9920680359355043,1.1014303815061208,1.4114064035335478
datasets/synthetic_data/s2.csv,261,Tree,2.564570222433724,1.2686931237272343,1.601427557660266
datasets/synthetic_data/s2.csv,261,ARMA,1.9236136266217514,1.0422905107287503,1.3869439882784564
datasets/synthetic_data/s2.csv,262,Tree,2.042348033821669,1.2085270608888394,1.4291074255708243
datasets/synthetic_data/s2.csv,262,ARMA,1.8695524248554396,1.151219298759544,1.3673157736439083
datasets/synthetic_data/s2.csv,263,Tree,1.898240076885014,1.018875752294392,1.3777663360980388
datasets/synthetic_data/s2.csv,263,ARMA,1.9356576204614406,1.0864575286373288,1.391279131037852
datasets/synthetic_data/s2.csv,264,Tree,3.2074600537449136,1.5223588295218882,1.790938316566183
datasets/synthetic_data/s2.csv,264,ARMA,2.0994471929223737,1.1969069662120895,1.4489469255022331
datasets/synthetic_data/s2.csv,265,Tree,1.6587765797075726,1.016841791978288,1.2879350060106187
datasets/synthetic_data/s2.csv,265,ARMA,1.4674446419763096,0.9507436423472552,1.2113812950414538
datasets/synthetic_data/s2.csv,266,Tree,1.8951538724905734,1.068441671969679,1.376645877664468
datasets/synthetic_data/s2.csv,266,ARMA,2.384163559906317,1.238805221806782,1.5440736899210208
datasets/synthetic_data/s2.csv,267,Tree,1.3642935993143206,0.9476415344101403,1.1680297938470237
datasets/synthetic_data/s2.csv,267,ARMA,1.0392236060744502,0.8134313197435998,1.0194231732084817
datasets/synthetic_data/s2.csv,268,Tree,3.523123211139049,1.4736074838501154,1.8769984579479677
datasets/synthetic_data/s2.csv,268,ARMA,1.8362074491700113,1.0872557098612396,1.3550673227445238
datasets/synthetic_data/s2.csv,269,Tree,3.1228031676271897,1.4329382502332857,1.7671454856992364
datasets/synthetic_data/s2.csv,269,ARMA,1.0163769348875964,0.7891822872383933,1.0081552136886445
datasets/synthetic_data/s2.csv,270,Tree,2.966793305739186,1.3603496013722685,1.7224381863333111
datasets/synthetic_data/s2.csv,270,ARMA,1.9017905768767633,1.0972501228566698,1.3790542327540145
datasets/synthetic_data/s2.csv,271,Tree,2.202252747885636,1.1977677756458915,1.4839989042737316
datasets/synthetic_data/s2.csv,271,ARMA,1.9729687738779134,1.1295476902758428,1.4046240685243556
datasets/synthetic_data/s2.csv,272,Tree,1.8525262805850933,1.0848340758490531,1.361075413261548
datasets/synthetic_data/s2.csv,272,ARMA,1.6774970173497117,1.082538175564227,1.2951822332589773
datasets/synthetic_data/s2.csv,273,Tree,2.641142801662846,1.374922485170874,1.6251593157788704
datasets/synthetic_data/s2.csv,273,ARMA,1.4627869970698195,1.0220241340450071,1.209457315108648
datasets/synthetic_data/s2.csv,274,Tree,2.181593465934562,1.1345735443801461,1.47702182310708
datasets/synthetic_data/s2.csv,274,ARMA,1.8462953612234965,1.1657574547904281,1.3587845161111811
datasets/synthetic_data/s2.csv,275,Tree,1.8322091391055761,1.1179404789346818,1.3535912008821482
datasets/synthetic_data/s2.csv,275,ARMA,2.559906342393326,1.3751425896144531,1.599970731730217
datasets/synthetic_data/s2.csv,276,Tree,2.365621567306045,1.3417588615566725,1.5380577256091674
datasets/synthetic_data/s2.csv,276,ARMA,1.7570409576537855,1.0478482056540108,1.3255342159498507
datasets/synthetic_data/s2.csv,277,Tree,1.953090573665673,1.0416752663294468,1.39753016914329
datasets/synthetic_data/s2.csv,277,ARMA,1.4957592584273185,0.9617014373566771,1.2230123705127918
datasets/synthetic_data/s2.csv,278,Tree,3.3806332653000197,1.4702363702609331,1.838649848475783
datasets/synthetic_data/s2.csv,278,ARMA,2.1011255635599104,1.0690204401716705,1.4495259789185948
datasets/synthetic_data/s2.csv,279,Tree,3.038884682932583,1.3346090023167603,1.7432397089707952
datasets/synthetic_data/s2.csv,279,ARMA,1.4160670179573693,0.9459016144283673,1.189986141918203
datasets/synthetic_data/s2.csv,280,Tree,2.3095556320738213,1.2854780579644345,1.5197222220109243
datasets/synthetic_data/s2.csv,280,ARMA,2.032624652333113,1.1543396012169835,1.4257014597499411
datasets/synthetic_data/s2.csv,281,Tree,2.5672453998028044,1.2371028742296915,1.6022625876562195
datasets/synthetic_data/s2.csv,281,ARMA,1.9211495303227721,1.163841825813768,1.3860553850127246
datasets/synthetic_data/s2.csv,282,Tree,1.590400483716553,1.028868327312958,1.2611108134167088
datasets/synthetic_data/s2.csv,282,ARMA,1.4234349364437962,0.9474497723091801,1.1930779255538158
datasets/synthetic_data/s2.csv,283,Tree,1.9573137862619525,1.1828575214485968,1.3990403090197052
datasets/synthetic_data/s2.csv,283,ARMA,1.8589455333825005,1.0881752125039257,1.363431528674066
datasets/synthetic_data/s2.csv,284,Tree,3.770628649836574,1.4858332441791449,1.9418106627157485
datasets/synthetic_data/s2.csv,284,ARMA,2.3400122911785792,1.2317878913287543,1.5297098715699586
datasets/synthetic_data/s2.csv,285,Tree,2.441463541760742,1.3028691172638704,1.562518333255883
datasets/synthetic_data/s2.csv,285,ARMA,1.6857896348334642,0.9748078486480299,1.2983796189225492
datasets/synthetic_data/s2.csv,286,Tree,1.4468361196661856,0.9739083694397447,1.2028450106585575
datasets/synthetic_data/s2.csv,286,ARMA,1.909525714579582,1.0863485313023435,1.3818558950120603
datasets/synthetic_data/s2.csv,287,Tree,2.6461387474565634,1.2770826179351413,1.6266956529900003
datasets/synthetic_data/s2.csv,287,ARMA,2.1090680591841364,1.213883123034001,1.4522630819462898
datasets/synthetic_data/s2.csv,288,Tree,2.206832360497812,1.1889285604551816,1.4855411002384995
datasets/synthetic_data/s2.csv,288,ARMA,1.0642476731471886,0.8226175105100196,1.031623804081308
datasets/synthetic_data/s2.csv,289,Tree,2.8919110284668053,1.2894007528673501,1.7005619743093179
datasets/synthetic_data/s2.csv,289,ARMA,1.8664149249791329,1.134098138651417,1.3661679709973926
datasets/synthetic_data/s2.csv,290,Tree,1.907315137706234,1.1713451571433555,1.3810558054279465
datasets/synthetic_data/s2.csv,290,ARMA,1.2780885311883232,0.8556795115058173,1.1305257764369299
datasets/synthetic_data/s2.csv,291,Tree,2.3396428171714208,1.2851319408568878,1.5295891007624958
datasets/synthetic_data/s2.csv,291,ARMA,1.8669042087528325,1.0961712521987863,1.3663470308647188
datasets/synthetic_data/s2.csv,292,Tree,1.6324956310629664,0.9869933287300061,1.2776915242197415
datasets/synthetic_data/s2.csv,292,ARMA,1.6831733034485665,1.0870869699944445,1.2973716905530837
datasets/synthetic_data/s2.csv,293,Tree,2.0074222407998454,1.1610384086742664,1.4168352906389103
datasets/synthetic_data/s2.csv,293,ARMA,1.1640644935756348,0.9216712901438371,1.078918205229495
datasets/synthetic_data/s2.csv,294,Tree,2.497111863552931,1.3358161603267331,1.580225257219024
datasets/synthetic_data/s2.csv,294,ARMA,1.9384929499207935,1.1253290543012116,1.3922977231615348
datasets/synthetic_data/s2.csv,295,Tree,2.593476280509156,1.327782731966399,1.610427359587869
datasets/synthetic_data/s2.csv,295,ARMA,2.4515617790631032,1.3461532960348086,1.5657463967907137
datasets/synthetic_data/s2.csv,296,Tree,1.427806931620537,0.9427016492901432,1.1949087545166521
datasets/synthetic_data/s2.csv,296,ARMA,0.8399542066942558,0.7409747611378238,0.9164901563542599
datasets/synthetic_data/s2.csv,297,Tree,2.0053636877474856,1.1251410446773695,1.4161086426356861
datasets/synthetic_data/s2.csv,297,ARMA,1.6085439943659288,1.0411987802567244,1.2682838776732632
datasets/synthetic_data/s2.csv,298,Tree,2.936711062853089,1.3090368432254544,1.7136834780241912
datasets/synthetic_data/s2.csv,298,ARMA,1.9319754067693116,1.119630854899795,1.3899551815685682
datasets/synthetic_data/s2.csv,299,Tree,1.4720934229528901,1.0270850048226805,1.2132985712317024
datasets/synthetic_data/s2.csv,299,ARMA,0.7908840397941473,0.6984458258398126,0.8893166139200073
datasets/synthetic_data/s2.csv,300,Tree,2.162937140186934,1.1551587253095628,1.4706927415972835
datasets/synthetic_data/s2.csv,300,ARMA,1.4203276064967933,1.0218581648489904,1.1917749814863514
datasets/synthetic_data/s2.csv,301,Tree,2.6883235240529633,1.2503914379983312,1.639610784318328
datasets/synthetic_data/s2.csv,301,ARMA,2.6401748067264763,1.2781466668778094,1.6248614730882371
datasets/synthetic_data/s2.csv,302,Tree,1.9509464204695235,1.1723071190977556,1.3967628361570634
datasets/synthetic_data/s2.csv,302,ARMA,1.274818564758742,0.9293037720202252,1.1290786353300384
datasets/synthetic_data/s2.csv,303,Tree,2.383171755234167,1.2446926901708142,1.5437524915718086
datasets/synthetic_data/s2.csv,303,ARMA,2.0979264307745202,1.2033793386283418,1.4484220485668258
datasets/synthetic_data/s2.csv,304,Tree,3.1730267117940967,1.3843797089011594,1.7812991640356475
datasets/synthetic_data/s2.csv,304,ARMA,2.1200564490029765,1.1832656094191436,1.456041362394275
datasets/synthetic_data/s2.csv,305,Tree,2.7170162319817504,1.3050915013628632,1.6483374144821654
datasets/synthetic_data/s2.csv,305,ARMA,2.2449912472131173,1.2404723586613087,1.4983294855315092
datasets/synthetic_data/s2.csv,306,Tree,1.6400912633472904,1.0695555117066078,1.280660479341535
datasets/synthetic_data/s2.csv,306,ARMA,0.9655839042363027,0.7842919653515443,0.9826412897066267
datasets/synthetic_data/s2.csv,307,Tree,1.1697880754485195,0.8666468342243778,1.0815674160441962
datasets/synthetic_data/s2.csv,307,ARMA,1.1600187735526206,0.8856403613206234,1.0770416767946451
datasets/synthetic_data/s2.csv,308,Tree,3.0852116736132005,1.4145370998308924,1.7564770632186464
datasets/synthetic_data/s2.csv,308,ARMA,2.0822595454373705,1.0696718619992087,1.4430036539930764
datasets/synthetic_data/s2.csv,309,Tree,1.8180109290022566,1.038419823002462,1.3483363560337074
datasets/synthetic_data/s2.csv,309,ARMA,1.2241508866674937,0.9168341117260062,1.106413524260931
datasets/synthetic_data/s2.csv,310,Tree,1.3958047525349926,0.9482263004716475,1.1814418108967502
datasets/synthetic_data/s2.csv,310,ARMA,1.0103444573554285,0.8220161022396167,1.0051589214424894
datasets/synthetic_data/s2.csv,311,Tree,1.545273703135897,1.030600675608599,1.2430903841378136
datasets/synthetic_data/s2.csv,311,ARMA,0.7881886149491835,0.7338500591068525,0.8877998732536424
datasets/synthetic_data/s2.csv,312,Tree,3.059518181201233,1.4758098862508877,1.749147844294825
datasets/synthetic_data/s2.csv,312,ARMA,1.4787138531678177,0.895971166304275,1.2160237880764577
datasets/synthetic_data/s2.csv,313,Tree,2.5819166643976366,1.354313014580962,1.6068343612201093
datasets/synthetic_data/s2.csv,313,ARMA,2.2192853492193967,1.2237302320013907,1.4897266021721558
datasets/synthetic_data/s2.csv,314,Tree,5.218906324089,1.7414593830512102,2.284492574750244
datasets/synthetic_data/s2.csv,314,ARMA,3.1663266570635944,1.4206335874304916,1.779417504989651
datasets/synthetic_data/s2.csv,315,Tree,1.8897225010093417,1.1138705295906053,1.37467177937475
datasets/synthetic_data/s2.csv,315,ARMA,1.1941549744037274,0.8769827734113591,1.0927739813903548
datasets/synthetic_data/s2.csv,316,Tree,1.66550609629137,0.929779151977275,1.2905448834857973
datasets/synthetic_data/s2.csv,316,ARMA,1.8081613893340265,1.0559502637942535,1.3446789168177014
datasets/synthetic_data/s2.csv,317,Tree,2.8776715045187116,1.415666290224396,1.6963700965646358
datasets/synthetic_data/s2.csv,317,ARMA,1.8743708528751752,1.0277953154368986,1.369076642440143
datasets/synthetic_data/s2.csv,318,Tree,1.9587222985643353,1.1377244867572933,1.3995436036666866
datasets/synthetic_data/s2.csv,318,ARMA,1.8009583442457866,1.1008078047752554,1.3419978927873868
datasets/synthetic_data/s2.csv,319,Tree,2.4301508937305387,1.2794646275688337,1.558894125247298
datasets/synthetic_data/s2.csv,319,ARMA,2.236269439823139,1.1997276834468724,1.4954161426917723
datasets/synthetic_data/s2.csv,320,Tree,3.439264249159501,1.5405278421798758,1.8545253433586453
datasets/synthetic_data/s2.csv,320,ARMA,2.8605498377542746,1.3970349877239994,1.6913160076562495
datasets/synthetic_data/s2.csv,321,Tree,2.774376972082684,1.3798040904341053,1.6656461124988957
datasets/synthetic_data/s2.csv,321,ARMA,1.7389372120063513,1.0953452304593936,1.3186876855443639
datasets/synthetic_data/s2.csv,322,Tree,2.561478742309513,1.276134287053154,1.6004620402588476
datasets/synthetic_data/s2.csv,322,ARMA,1.2614588229277612,0.9422839959826181,1.1231468394327437
datasets/synthetic_data/s2.csv,323,Tree,1.847248270188715,1.0940973905575253,1.3591351184443419
datasets/synthetic_data/s2.csv,323,ARMA,1.6258790355496706,1.0091106817795876,1.2750996178925278
datasets/synthetic_data/s2.csv,324,Tree,2.404902060266552,1.2191458301142966,1.5507746645681804
datasets/synthetic_data/s2.csv,324,ARMA,1.7434393865863946,1.070217476630101,1.320393648343703
datasets/synthetic_data/s2.csv,325,Tree,2.4946863098626517,1.1284894547711095,1.5794575998939167
datasets/synthetic_data/s2.csv,325,ARMA,1.711484435812018,1.0573712097272518,1.3082371481547288
datasets/synthetic_data/s2.csv,326,Tree,1.6483355659998327,0.9666954789656131,1.2838752143412664
datasets/synthetic_data/s2.csv,326,ARMA,1.2152567728959904,0.8279222433613607,1.1023868526501894
datasets/synthetic_data/s2.csv,327,Tree,3.03256794049124,1.3703439885633497,1.7414269839678147
datasets/synthetic_data/s2.csv,327,ARMA,2.271759109134673,1.199742016391982,1.507235585147416
datasets/synthetic_data/s2.csv,328,Tree,2.3772039002651177,1.0826917630921276,1.5418183746035452
datasets/synthetic_data/s2.csv,328,ARMA,1.529559000095651,1.0791919464763216,1.2367534111922436
datasets/synthetic_data/s2.csv,329,Tree,1.9759286908004965,1.0556998625927414,1.4056773067815018
datasets/synthetic_data/s2.csv,329,ARMA,0.6790685266545897,0.6966561036807648,0.8240561429020414
datasets/synthetic_data/s2.csv,330,Tree,2.8100504414653122,1.4963585474903363,1.6763205067842224
datasets/synthetic_data/s2.csv,330,ARMA,1.598201253657175,1.0733425972925923,1.2641998471986837
datasets/synthetic_data/s2.csv,331,Tree,3.875643346633171,1.5362689193244237,1.968665371929209
datasets/synthetic_data/s2.csv,331,ARMA,3.0291429923067414,1.4901577072515062,1.7404433321159127
datasets/synthetic_data/s2.csv,332,Tree,3.548752337383458,1.4217936941255702,1.883813243764747
datasets/synthetic_data/s2.csv,332,ARMA,2.03469605934998,1.1623955884397814,1.4264277266479293
datasets/synthetic_data/s2.csv,333,Tree,2.707408858926267,1.2708676584264456,1.6454205720502788
datasets/synthetic_data/s2.csv,333,ARMA,1.1850994729173958,0.9022773717686601,1.0886227413192302
datasets/synthetic_data/s2.csv,334,Tree,1.8319234398799344,1.1169381616984448,1.3534856629753913
datasets/synthetic_data/s2.csv,334,ARMA,1.024152638023372,0.8222280059801357,1.0120042677891097
datasets/synthetic_data/s2.csv,335,Tree,3.1492399743063593,1.427395568564752,1.774609809030244
datasets/synthetic_data/s2.csv,335,ARMA,1.4932097844221948,0.9714994363941564,1.221969633183327
datasets/synthetic_data/s2.csv,336,Tree,2.3380744128076847,1.1919529116825285,1.529076326678196
datasets/synthetic_data/s2.csv,336,ARMA,1.1870065565355286,0.9292317406182719,1.0894983049713884
datasets/synthetic_data/s2.csv,337,Tree,1.505033157149565,1.039165349936807,1.2267979284093877
datasets/synthetic_data/s2.csv,337,ARMA,1.4741083385374611,0.9386900300212251,1.214128633439415
datasets/synthetic_data/s2.csv,338,Tree,3.4015279523634665,1.4612298291680652,1.8443231691771014
datasets/synthetic_data/s2.csv,338,ARMA,1.5937147557738287,1.022761918725587,1.2624241584245086
datasets/synthetic_data/s2.csv,339,Tree,1.9368497925527557,1.2113809516595135,1.3917075096990588
datasets/synthetic_data/s2.csv,339,ARMA,1.6233012199400751,1.0588750410080752,1.2740883878052085
datasets/synthetic_data/s2.csv,340,Tree,2.142514212880004,1.1732216409569922,1.463732971849717
datasets/synthetic_data/s2.csv,340,ARMA,1.3158527607755097,0.8993468180555169,1.1471062552246456
datasets/synthetic_data/s2.csv,341,Tree,1.8269984071691328,1.0891345769663903,1.3516650499177423
datasets/synthetic_data/s2.csv,341,ARMA,1.2722775267215058,0.8972011301382359,1.1279528034104556
datasets/synthetic_data/s2.csv,342,Tree,2.8961029647456034,1.3284601024981502,1.7017940429868719
datasets/synthetic_data/s2.csv,342,ARMA,1.8274997870315428,1.1285333644634474,1.351850504690346
datasets/synthetic_data/s2.csv,343,Tree,1.5559648574296179,1.022238990240389,1.247383203923164
datasets/synthetic_data/s2.csv,343,ARMA,1.6308356875036445,1.007230183533207,1.2770417720276985
datasets/synthetic_data/s2.csv,344,Tree,2.352251940613546,1.2439342631686303,1.5337052978370864
datasets/synthetic_data/s2.csv,344,ARMA,1.738022999816949,1.0788673744486732,1.3183410028581182
datasets/synthetic_data/s2.csv,345,Tree,3.073469844508332,1.3951552111405732,1.7531314395983923
datasets/synthetic_data/s2.csv,345,ARMA,2.275166856343426,1.1295230174535424,1.5083656242249177
datasets/synthetic_data/s2.csv,346,Tree,2.973696706936324,1.2641633365808869,1.7244409838948749
datasets/synthetic_data/s2.csv,346,ARMA,2.2517394047267794,1.1805618522121255,1.5005796895622636
datasets/synthetic_data/s2.csv,347,Tree,2.0950313169404833,1.2404309681189372,1.4474223008301632
datasets/synthetic_data/s2.csv,347,ARMA,2.123750681027554,1.1444242022219278,1.457309397838206
datasets/synthetic_data/s2.csv,348,Tree,2.0980429808140966,1.0662023040953867,1.4484622814606174
datasets/synthetic_data/s2.csv,348,ARMA,1.3811514569714596,0.9635251817748959,1.1752240028911338
datasets/synthetic_data/s2.csv,349,Tree,3.4813498253127326,1.4665393942376153,1.8658375667010065
datasets/synthetic_data/s2.csv,349,ARMA,3.2727936457328526,1.4150410031577205,1.809086411903216
datasets/synthetic_data/s2.csv,350,Tree,2.4578490798914796,1.1911331687364761,1.5677528758996042
datasets/synthetic_data/s2.csv,350,ARMA,2.5950930936279493,1.2367985783404731,1.61092926400508
datasets/synthetic_data/s2.csv,351,Tree,2.0906757656060906,1.2332913196579949,1.4459169290128981
datasets/synthetic_data/s2.csv,351,ARMA,1.4203799465935216,0.8851026132130565,1.19179694016788
datasets/synthetic_data/s2.csv,352,Tree,1.9409170310750974,1.1685731887494293,1.3931679837963178
datasets/synthetic_data/s2.csv,352,ARMA,1.5495890073868366,1.01845970611978,1.2448248902503662
datasets/synthetic_data/s2.csv,353,Tree,2.0367579244550793,1.1217856993337616,1.427150280963809
datasets/synthetic_data/s2.csv,353,ARMA,1.3145417931431067,0.9525656134664381,1.1465346890273782
datasets/synthetic_data/s2.csv,354,Tree,3.7835392571958373,1.5501429514325817,1.945132195300833
datasets/synthetic_data/s2.csv,354,ARMA,2.1068719241060925,1.2697677752290892,1.4515067771478343
datasets/synthetic_data/s2.csv,355,Tree,2.3743708639143493,1.2500155295794788,1.540899368522925
datasets/synthetic_data/s2.csv,355,ARMA,1.2181010537094579,0.8667498047323875,1.1036761543629807
datasets/synthetic_data/s2.csv,356,Tree,1.8197077028467976,1.0890618835471886,1.3489654194406904
datasets/synthetic_data/s2.csv,356,ARMA,1.2775753482528205,0.905985231228471,1.1302987871588734
datasets/synthetic_data/s2.csv,357,Tree,2.2792722418412055,1.2232686942915039,1.5097258830136038
datasets/synthetic_data/s2.csv,357,ARMA,1.1705695080472525,0.8575592725659398,1.0819286057995012
datasets/synthetic_data/s2.csv,358,Tree,0.6410347003458532,0.6483029281957321,0.8006464265491061
datasets/synthetic_data/s2.csv,358,ARMA,1.1657357996984365,0.8875971127209649,1.0796924560718375
datasets/synthetic_data/s2.csv,359,Tree,2.2459975154677707,1.246836203570806,1.4986652446319595
datasets/synthetic_data/s2.csv,359,ARMA,2.4566454525102417,1.3124834397596061,1.5673689586406392
datasets/synthetic_data/s2.csv,360,Tree,2.64196250519676,1.2851005520528413,1.6254114879613593
datasets/synthetic_data/s2.csv,360,ARMA,2.370590301238587,1.288811757028218,1.5396721408269316
datasets/synthetic_data/s2.csv,361,Tree,1.5642118218788224,0.965003174248339,1.2506845413128054
datasets/synthetic_data/s2.csv,361,ARMA,1.2255203341907825,0.8679729583456306,1.1070322191294988
datasets/synthetic_data/s2.csv,362,Tree,3.702296966573258,1.546024320777966,1.9241353815605746
datasets/synthetic_data/s2.csv,362,ARMA,2.402083748943822,1.323021853651708,1.5498657196492287
datasets/synthetic_data/s2.csv,363,Tree,2.2350974305458076,1.171628473862895,1.4950242240665559
datasets/synthetic_data/s2.csv,363,ARMA,2.2455948823989074,1.190831120950513,1.4985309080559224
datasets/synthetic_data/s2.csv,364,Tree,2.5709412241229117,1.232293183637306,1.6034154870534685
datasets/synthetic_data/s2.csv,364,ARMA,1.6594224944960003,1.0279558187294122,1.2881857375766899
datasets/synthetic_data/s2.csv,365,Tree,2.646265459919484,1.3418648171336232,1.6267346003326677
datasets/synthetic_data/s2.csv,365,ARMA,1.9247854424342357,1.065264711635607,1.3873663692169547
datasets/synthetic_data/s2.csv,366,Tree,2.5099254428731173,1.288279019321512,1.5842744215801494
datasets/synthetic_data/s2.csv,366,ARMA,1.8140757811866404,1.147522851030698,1.346876305080255
datasets/synthetic_data/s2.csv,367,Tree,2.6827307550831354,1.2747916732271838,1.6379043791024968
datasets/synthetic_data/s2.csv,367,ARMA,1.3533893865869295,0.9484804435705563,1.1633526492800579
datasets/synthetic_data/s2.csv,368,Tree,2.0501148549159494,1.1508628733986583,1.4318222148423139
datasets/synthetic_data/s2.csv,368,ARMA,1.2779944623900672,0.9018860793574401,1.1304841716671965
datasets/synthetic_data/s2.csv,369,Tree,3.304851568781921,1.282913755827193,1.8179250723783753
datasets/synthetic_data/s2.csv,369,ARMA,2.5253123854517505,1.2883664835459954,1.5891231498696854
datasets/synthetic_data/s2.csv,370,Tree,1.5329021681620671,1.0032613089956266,1.238104263849401
datasets/synthetic_data/s2.csv,370,ARMA,1.050747509749673,0.8300734499345888,1.025059759111474
datasets/synthetic_data/s2.csv,371,Tree,2.4190466260263617,1.2326415681691787,1.5553284624240507
datasets/synthetic_data/s2.csv,371,ARMA,0.9081415269370698,0.8043273580386161,0.9529645989946688
datasets/synthetic_data/s2.csv,372,Tree,3.3468273362942154,1.3718440225772228,1.8294336107916611
datasets/synthetic_data/s2.csv,372,ARMA,1.8908975792926337,1.1103358349581915,1.3750991161704067
datasets/synthetic_data/s2.csv,373,Tree,3.701450362925095,1.469957515909845,1.9239153731193832
datasets/synthetic_data/s2.csv,373,ARMA,2.852839810918,1.4245474913891178,1.6890351716047833
datasets/synthetic_data/s2.csv,374,Tree,2.2351648344110577,1.2770887965499125,1.4950467666300802
datasets/synthetic_data/s2.csv,374,ARMA,1.9106311056876286,1.2115777795429017,1.3822558032750771
datasets/synthetic_data/s2.csv,375,Tree,2.6525053631297038,1.3440706901196589,1.628651393985129
datasets/synthetic_data/s2.csv,375,ARMA,1.733569144651867,0.9830383335629798,1.3166507299401262
datasets/synthetic_data/s2.csv,376,Tree,3.05917536881415,1.4005235168895471,1.7490498474355012
datasets/synthetic_data/s2.csv,376,ARMA,2.4754575602242506,1.2273190972124672,1.5733586877200796
datasets/synthetic_data/s2.csv,377,Tree,2.554539991147329,1.3681552811442537,1.5982928364812654
datasets/synthetic_data/s2.csv,377,ARMA,2.622669261424123,1.2414130302751916,1.6194657333281623
datasets/synthetic_data/s2.csv,378,Tree,2.684055785937222,1.3044409048438186,1.6383088188547426
datasets/synthetic_data/s2.csv,378,ARMA,1.2685233094318853,0.931694389816532,1.1262874009025783
datasets/synthetic_data/s2.csv,379,Tree,2.8823175775663064,1.444479938664125,1.697738960372385
datasets/synthetic_data/s2.csv,379,ARMA,1.277987604430859,0.922752630669551,1.130481138467537
datasets/synthetic_data/s2.csv,380,Tree,1.57880207797833,0.9942952548059186,1.2565039108488003
datasets/synthetic_data/s2.csv,380,ARMA,1.7002015209448942,1.054331570197213,1.3039177585050732
datasets/synthetic_data/s2.csv,381,Tree,2.261964740136347,1.2565153279246248,1.5039829587253797
datasets/synthetic_data/s2.csv,381,ARMA,1.6967333663181818,1.079115432276932,1.3025871818493309
datasets/synthetic_data/s2.csv,382,Tree,2.746955205734005,1.4398792950787096,1.657394100910826
datasets/synthetic_data/s2.csv,382,ARMA,2.026816294638293,1.1568066705191218,1.4236629849224476
datasets/synthetic_data/s2.csv,383,Tree,2.006958774630319,1.079384390823502,1.4166717243703
datasets/synthetic_data/s2.csv,383,ARMA,2.1498292991290144,1.1762694953943889,1.4662296201922176
datasets/synthetic_data/s2.csv,384,Tree,3.4283457498830914,1.5096102459644223,1.8515792583314092
datasets/synthetic_data/s2.csv,384,ARMA,2.672343971821107,1.3701854510204836,1.6347305502195482
datasets/synthetic_data/s2.csv,385,Tree,3.6890831936350197,1.6711496678936573,1.920698621240464
datasets/synthetic_data/s2.csv,385,ARMA,2.124642667767287,1.156806864551403,1.4576154046137435
datasets/synthetic_data/s2.csv,386,Tree,2.1261404691921437,1.217446430391469,1.458129098945681
datasets/synthetic_data/s2.csv,386,ARMA,1.9093122421318605,1.1296446199668413,1.3817786516413766
datasets/synthetic_data/s2.csv,387,Tree,2.0465766746949448,1.1208361581341788,1.430586129771621
datasets/synthetic_data/s2.csv,387,ARMA,1.6375394110492671,0.8844162649334548,1.2796637882855275
datasets/synthetic_data/s2.csv,388,Tree,2.2716983962558843,1.1596295143353934,1.5072154445386645
datasets/synthetic_data/s2.csv,388,ARMA,1.7779398197379788,0.9950708168781164,1.333394097683794
datasets/synthetic_data/s2.csv,389,Tree,3.616061204814839,1.4918101767255567,1.9015943849346104
datasets/synthetic_data/s2.csv,389,ARMA,1.4640269425697796,0.9846825388758635,1.2099698106026364
datasets/synthetic_data/s2.csv,390,Tree,3.421375057561268,1.410370741080417,1.849695936515315
datasets/synthetic_data/s2.csv,390,ARMA,1.976237032529383,1.0384369244163847,1.4057869797837022
datasets/synthetic_data/s2.csv,391,Tree,1.9801700179873194,1.1535588629841866,1.4071851399113477
datasets/synthetic_data/s2.csv,391,ARMA,0.8306358412937899,0.7775234913840852,0.9113922543525317
datasets/synthetic_data/s2.csv,392,Tree,2.5252341279360317,1.2659880124746472,1.5890985268182813
datasets/synthetic_data/s2.csv,392,ARMA,1.2789482989354206,0.9279331523678682,1.1309059637898373
datasets/synthetic_data/s2.csv,393,Tree,1.9026532070070017,1.1523864327432096,1.3793669587919677
datasets/synthetic_data/s2.csv,393,ARMA,1.5791347898585795,0.947744700741319,1.2566362997536635
datasets/synthetic_data/s2.csv,394,Tree,1.6352339399674567,0.9828998841758652,1.2787626597486559
datasets/synthetic_data/s2.csv,394,ARMA,0.9348085620230087,0.7463529720269981,0.9668549850018919
datasets/synthetic_data/s2.csv,395,Tree,2.0090248767831134,1.0635744402525755,1.4174007467131917
datasets/synthetic_data/s2.csv,395,ARMA,1.7561662457239344,1.0450903280217765,1.3252042279301461
datasets/synthetic_data/s2.csv,396,Tree,3.270306242100591,1.4294454723115633,1.8083988061543812
datasets/synthetic_data/s2.csv,396,ARMA,1.5947537327396464,0.9526819607091757,1.2628355921257708
datasets/synthetic_data/s2.csv,397,Tree,1.4651397195301086,0.8628232440882295,1.2104295599208195
datasets/synthetic_data/s2.csv,397,ARMA,1.262401499961954,0.8697908913054659,1.123566419915598
datasets/synthetic_data/s2.csv,398,Tree,1.9518681124235198,1.062244483197919,1.3970927357994243
datasets/synthetic_data/s2.csv,398,ARMA,1.6809684285450335,1.0577830605923386,1.2965216652817775
datasets/synthetic_data/s2.csv,399,Tree,2.549921991548756,1.2360425818955942,1.5968475166867862
datasets/synthetic_data/s2.csv,399,ARMA,1.848917741428893,1.079705313837336,1.3597491465078744
datasets/synthetic_data/s2.csv,400,Tree,2.300206942309487,1.261303745331361,1.5166433141347002
datasets/synthetic_data/s2.csv,400,ARMA,1.4700743813692825,0.9092150330517452,1.212466239269895
datasets/synthetic_data/s2.csv,401,Tree,1.1800319768284826,0.8983204521348278,1.0862927675486396
datasets/synthetic_data/s2.csv,401,ARMA,1.1921450933475062,0.8794088751504076,1.0918539707064796
datasets/synthetic_data/s2.csv,402,Tree,3.5343806808344738,1.5102131705793986,1.879994861917041
datasets/synthetic_data/s2.csv,402,ARMA,2.457836856510604,1.2607027941785947,1.5677489775185962
datasets/synthetic_data/s2.csv,403,Tree,2.439906533917147,1.2202895061385033,1.5620200171307494
datasets/synthetic_data/s2.csv,403,ARMA,1.3427232788997427,0.9274687039219891,1.1587593705768868
datasets/synthetic_data/s2.csv,404,Tree,3.5487012140200846,1.460092392361823,1.8837996745992087
datasets/synthetic_data/s2.csv,404,ARMA,1.5919473190986824,0.9930155480279401,1.261723947263696
datasets/synthetic_data/s2.csv,405,Tree,1.5988269530220738,0.9709821551408483,1.2644472915159706
datasets/synthetic_data/s2.csv,405,ARMA,1.6307956922338644,1.0342192674078312,1.277026112588879
datasets/synthetic_data/s2.csv,406,Tree,1.9587867816227624,1.1307760212168512,1.3995666406508704
datasets/synthetic_data/s2.csv,406,ARMA,1.0633718233776708,0.8504999542964782,1.03119921614481
datasets/synthetic_data/s2.csv,407,Tree,2.9842293973199907,1.3809437810505059,1.7274922278609506
datasets/synthetic_data/s2.csv,407,ARMA,2.0159670157313223,1.1305228197366919,1.419847532565142
datasets/synthetic_data/s2.csv,408,Tree,2.0345253161508943,1.1590210600383768,1.4263678754623206
datasets/synthetic_data/s2.csv,408,ARMA,1.9565098042260878,1.1965589485256174,1.3987529461009502
datasets/synthetic_data/s2.csv,409,Tree,2.1681596936139025,1.167827305162761,1.472467213086221
datasets/synthetic_data/s2.csv,409,ARMA,1.509009610425836,0.9237675864447741,1.228417522842228
datasets/synthetic_data/s2.csv,410,Tree,1.899269904410854,1.0977065174164367,1.378140016257729
datasets/synthetic_data/s2.csv,410,ARMA,1.1856024131111351,0.8298333013426937,1.0888537152028894
datasets/synthetic_data/s2.csv,411,Tree,1.947545522426766,1.1367209746962792,1.3955448837019775
datasets/synthetic_data/s2.csv,411,ARMA,1.1993324946147983,0.8534208310757017,1.095140399498986
datasets/synthetic_data/s2.csv,412,Tree,3.3303710507896738,1.4279884109834942,1.824930423547614
datasets/synthetic_data/s2.csv,412,ARMA,1.9840546584682648,1.117308795157527,1.408564751251523
datasets/synthetic_data/s2.csv,413,Tree,3.8276558515928123,1.5606993033195626,1.9564395854696899
datasets/synthetic_data/s2.csv,413,ARMA,1.9475071429619792,1.1174726586667632,1.395531132924658
datasets/synthetic_data/s2.csv,414,Tree,2.755794266509396,1.3452683760706254,1.6600585129775987
datasets/synthetic_data/s2.csv,414,ARMA,2.659477340987758,1.3031386748026272,1.6307904037575638
datasets/synthetic_data/s2.csv,415,Tree,1.6644513429378247,0.9974279575687645,1.2901361722461024
datasets/synthetic_data/s2.csv,415,ARMA,1.1284780874408136,0.836673602831788,1.0622984926285142
datasets/synthetic_data/s2.csv,416,Tree,3.194343705680683,1.3892669621598774,1.7872727004239402
datasets/synthetic_data/s2.csv,416,ARMA,3.3448493633657206,1.3764341890620728,1.828892933816991
datasets/synthetic_data/s2.csv,417,Tree,2.5517768463697528,1.3950554992392576,1.5974281975631182
datasets/synthetic_data/s2.csv,417,ARMA,1.9813413116793324,1.0878011288565914,1.407601261607609
datasets/synthetic_data/s2.csv,418,Tree,1.9127323299432675,1.122983195866498,1.3830156651113057
datasets/synthetic_data/s2.csv,418,ARMA,1.432787512001926,0.9997755799663313,1.1969910241943864
datasets/synthetic_data/s2.csv,419,Tree,1.9791326173746857,1.1691198438597998,1.40681648318986
datasets/synthetic_data/s2.csv,419,ARMA,1.2072614805442878,0.9016679419094823,1.0987545133214642
datasets/synthetic_data/s2.csv,420,Tree,2.7394894875022056,1.244852301833241,1.655140322601744
datasets/synthetic_data/s2.csv,420,ARMA,1.5827522693557068,0.9346434592940781,1.258074826612355
datasets/synthetic_data/s2.csv,421,Tree,2.967280879834256,1.366089954028002,1.7225797165397763
datasets/synthetic_data/s2.csv,421,ARMA,1.3410961811319255,0.8929995121137493,1.1580570716212244
datasets/synthetic_data/s2.csv,422,Tree,1.9362798026798085,1.0230283756293854,1.3915027138600229
datasets/synthetic_data/s2.csv,422,ARMA,1.3031381270349207,0.9651144801645314,1.1415507553477071
datasets/synthetic_data/s2.csv,423,Tree,1.7678520638042978,1.0911696929374164,1.329605980659044
datasets/synthetic_data/s2.csv,423,ARMA,1.5918189474326847,1.0028283380668763,1.2616730747038571
datasets/synthetic_data/s2.csv,424,Tree,2.9842477990088256,1.4791417349036213,1.7274975539805624
datasets/synthetic_data/s2.csv,424,ARMA,1.4420399360461587,0.9690776437641171,1.2008496725428035
datasets/synthetic_data/s2.csv,425,Tree,2.8930720919792123,1.5251883125260597,1.7009033164701668
datasets/synthetic_data/s2.csv,425,ARMA,2.17733335433786,1.2298928553493509,1.4755789895284697
datasets/synthetic_data/s2.csv,426,Tree,2.0416074481105566,1.1139614369896726,1.428848294295289
datasets/synthetic_data/s2.csv,426,ARMA,1.9216472788023153,1.1333272620463934,1.3862349291524563
datasets/synthetic_data/s2.csv,427,Tree,3.1482374887601425,1.4986388343397932,1.7743273341636099
datasets/synthetic_data/s2.csv,427,ARMA,2.2240381173778436,1.2726458275116657,1.4913209303761024
datasets/synthetic_data/s2.csv,428,Tree,2.8079524870790924,1.3216237423281663,1.675694628230064
datasets/synthetic_data/s2.csv,428,ARMA,1.753074734955521,1.0376262558571827,1.3240372860896028
datasets/synthetic_data/s2.csv,429,Tree,2.3509555894280165,1.1663074628328391,1.5332826189023394
datasets/synthetic_data/s2.csv,429,ARMA,1.9168277227556154,1.153502105182332,1.3844954758884607
datasets/synthetic_data/s2.csv,430,Tree,1.7407378983474528,1.0984164742859106,1.3193702658266377
datasets/synthetic_data/s2.csv,430,ARMA,1.0539245554137249,0.8134382467941528,1.0266082774913345
datasets/synthetic_data/s2.csv,431,Tree,2.9474059628949436,1.3284982776468373,1.7168010842537769
datasets/synthetic_data/s2.csv,431,ARMA,1.396932533211815,0.9675219553115983,1.1819190045057297
datasets/synthetic_data/s2.csv,432,Tree,2.808845943343284,1.335471052298065,1.6759611998322885
datasets/synthetic_data/s2.csv,432,ARMA,1.6053144535630406,0.936570512997535,1.267010044775905
datasets/synthetic_data/s2.csv,433,Tree,2.30720360678876,1.307852650896646,1.5189481909495004
datasets/synthetic_data/s2.csv,433,ARMA,2.667397047500116,1.3501263198524884,1.6332167790896945
datasets/synthetic_data/s2.csv,434,Tree,3.065033414406072,1.4221781289017552,1.750723683053974
datasets/synthetic_data/s2.csv,434,ARMA,1.9706376189530588,1.1237603084584886,1.4037940087324274
datasets/synthetic_data/s2.csv,435,Tree,3.1003795157208023,1.4312870496223578,1.760789458089979
datasets/synthetic_data/s2.csv,435,ARMA,1.7209432587127302,1.0771374420697737,1.3118472695831365
datasets/synthetic_data/s2.csv,436,Tree,2.0427991150634512,1.204118275641986,1.429265236078822
datasets/synthetic_data/s2.csv,436,ARMA,1.3274282750954733,0.9446514461099458,1.1521407358024771
datasets/synthetic_data/s2.csv,437,Tree,2.5925486693141786,1.3315671951668095,1.6101393322672974
datasets/synthetic_data/s2.csv,437,ARMA,2.0409130821696353,1.1489310326289406,1.4286052926437152
datasets/synthetic_data/s2.csv,438,Tree,2.7812854881304396,1.2185124080338048,1.6677186477731907
datasets/synthetic_data/s2.csv,438,ARMA,2.587843567965674,1.1975919332036675,1.6086775835964378
datasets/synthetic_data/s2.csv,439,Tree,1.8872927861888762,1.1146965638838813,1.3737877515063512
datasets/synthetic_data/s2.csv,439,ARMA,1.4519128660331524,0.9535497729103384,1.2049534704847122
datasets/synthetic_data/s2.csv,440,Tree,2.423171443106192,1.3495700272094608,1.556653925285319
datasets/synthetic_data/s2.csv,440,ARMA,1.8917099180515478,1.1396965168697666,1.3753944590740315
datasets/synthetic_data/s2.csv,441,Tree,1.88118224520766,1.0784767815072864,1.3715619727914814
datasets/synthetic_data/s2.csv,441,ARMA,1.853790122448953,1.1033094522815443,1.361539614718923
datasets/synthetic_data/s2.csv,442,Tree,2.9478749934671775,1.3872596277665554,1.7169376789700834
datasets/synthetic_data/s2.csv,442,ARMA,2.198885924949198,1.1938872851460198,1.4828640952390741
datasets/synthetic_data/s2.csv,443,Tree,2.485317498693883,1.2297556323227794,1.5764889782976228
datasets/synthetic_data/s2.csv,443,ARMA,1.8540111605492249,1.0506524254608878,1.3616207844143775
datasets/synthetic_data/s2.csv,444,Tree,0.9358428304938741,0.7954568597393207,0.9673896993941346
datasets/synthetic_data/s2.csv,444,ARMA,1.4347073744296666,0.9907713492589011,1.1977927092905793
datasets/synthetic_data/s2.csv,445,Tree,2.550445824669273,1.2830144650062314,1.5970115292850184
datasets/synthetic_data/s2.csv,445,ARMA,1.8179936628163773,1.089946866937618,1.348329953244523
datasets/synthetic_data/s2.csv,446,Tree,1.709617354111712,1.113277212576166,1.307523366564327
datasets/synthetic_data/s2.csv,446,ARMA,1.1509258843158847,0.897701829931829,1.072812138408158
datasets/synthetic_data/s2.csv,447,Tree,1.9099752802883894,1.1226128814895444,1.3820185528018027
datasets/synthetic_data/s2.csv,447,ARMA,2.227010449597254,1.2147889802838416,1.492317141092085
datasets/synthetic_data/s2.csv,448,Tree,1.7659192125557586,0.9831491092936292,1.328878930736641
datasets/synthetic_data/s2.csv,448,ARMA,1.9875711712021755,1.0906118254379542,1.409812459585379
datasets/synthetic_data/s2.csv,449,Tree,2.9388699368394624,1.35314065864318,1.714313255166471
datasets/synthetic_data/s2.csv,449,ARMA,2.121448560494938,1.1391935901618075,1.4565193306286526
datasets/synthetic_data/s2.csv,450,Tree,2.922683036924184,1.3957056951170084,1.7095856331065091
datasets/synthetic_data/s2.csv,450,ARMA,1.6431228312392374,0.9879077850632841,1.2818435283759237
datasets/synthetic_data/s2.csv,451,Tree,2.3968395227711654,1.242038720827128,1.548172962808473
datasets/synthetic_data/s2.csv,451,ARMA,1.3599015223745918,0.9124436084634511,1.1661481562711455
datasets/synthetic_data/s2.csv,452,Tree,2.218823684183913,1.1495842936213567,1.4895716445286924
datasets/synthetic_data/s2.csv,452,ARMA,1.1996400652844408,0.8535319852449652,1.0952808157200786
datasets/synthetic_data/s2.csv,453,Tree,1.9769661304981745,1.0942023086375385,1.4060462760870194
datasets/synthetic_data/s2.csv,453,ARMA,1.9120670144236207,1.0635422126927825,1.3827751134669806
datasets/synthetic_data/s2.csv,454,Tree,1.7910870220261845,0.9626280546570742,1.3383149935744516
datasets/synthetic_data/s2.csv,454,ARMA,1.05530686319197,0.7779702852638253,1.027281297012639
datasets/synthetic_data/s2.csv,455,Tree,1.449984317935303,1.0607825799890227,1.204152946238684
datasets/synthetic_data/s2.csv,455,ARMA,1.1477050199890926,0.9118541036862868,1.071309955143278
datasets/synthetic_data/s2.csv,456,Tree,3.431753146683687,1.5114711543138817,1.8524991623975668
datasets/synthetic_data/s2.csv,456,ARMA,1.7625658417524357,1.0403217535004865,1.3276166019421554
datasets/synthetic_data/s2.csv,457,Tree,5.097396782170909,1.8156609445112633,2.2577415224446993
datasets/synthetic_data/s2.csv,457,ARMA,2.713832195482824,1.2991348561158182,1.6473712986096438
datasets/synthetic_data/s2.csv,458,Tree,2.808678230110656,1.4137215995769905,1.6759111641464342
datasets/synthetic_data/s2.csv,458,ARMA,1.7109252027037525,1.0826922849932543,1.308023395319729
datasets/synthetic_data/s2.csv,459,Tree,2.507712860276322,1.1559817343057248,1.5835759723727567
datasets/synthetic_data/s2.csv,459,ARMA,1.4567833291718504,0.9831937670482229,1.2069727955392575
datasets/synthetic_data/s2.csv,460,Tree,2.4455344802374626,1.218863179364802,1.5638204757060392
datasets/synthetic_data/s2.csv,460,ARMA,1.8184580669792965,1.104603584928465,1.348502156831533
datasets/synthetic_data/s2.csv,461,Tree,3.8028045235703125,1.5570883424319053,1.950078081403489
datasets/synthetic_data/s2.csv,461,ARMA,2.77922132496042,1.4064565804869584,1.6670996745727054
datasets/synthetic_data/s2.csv,462,Tree,1.7948918365576065,1.151754851530135,1.3397357338511229
datasets/synthetic_data/s2.csv,462,ARMA,1.8105522521219073,1.0832429837435087,1.3455676319389922
datasets/synthetic_data/s2.csv,463,Tree,1.946236169519919,1.1962745161807637,1.3950756859467945
datasets/synthetic_data/s2.csv,463,ARMA,1.3762980687647137,0.8807099377107225,1.1731573077659763
datasets/synthetic_data/s2.csv,464,Tree,1.9428181450896813,1.1126724605164633,1.3938501157189325
datasets/synthetic_data/s2.csv,464,ARMA,2.075450777768642,1.1606709957634938,1.4406424878395896
datasets/synthetic_data/s2.csv,465,Tree,2.3270547446599252,1.2064797688745221,1.5254686967158406
datasets/synthetic_data/s2.csv,465,ARMA,1.3849747846784761,0.961622441418076,1.1768495165816555
datasets/synthetic_data/s2.csv,466,Tree,2.6195494105423993,1.356229077814995,1.6185022120906722
datasets/synthetic_data/s2.csv,466,ARMA,1.6891973558480706,1.0951042740026353,1.2996912540476953
datasets/synthetic_data/s2.csv,467,Tree,2.426195494464056,1.3695160933988728,1.5576249530821134
datasets/synthetic_data/s2.csv,467,ARMA,1.0364481571305402,0.8295645948040109,1.0180609790825597
datasets/synthetic_data/s2.csv,468,Tree,2.8396894557849,1.3731586506223272,1.6851378150717822
datasets/synthetic_data/s2.csv,468,ARMA,2.3819588101523133,1.2803150943704087,1.5433595854992164
datasets/synthetic_data/s2.csv,469,Tree,3.0934694039610533,1.4113597571272438,1.7588261437564128
datasets/synthetic_data/s2.csv,469,ARMA,1.7898820060752734,1.0824998957108112,1.337864718899214
datasets/synthetic_data/s2.csv,470,Tree,2.2272602461608537,1.191733521258599,1.492400832940284
datasets/synthetic_data/s2.csv,470,ARMA,1.3659969524051467,0.8559896958143998,1.168758722921522
datasets/synthetic_data/s2.csv,471,Tree,2.0376961086429604,1.1932051109918305,1.427478934570651
datasets/synthetic_data/s2.csv,471,ARMA,1.2194199468213995,0.8846119039895577,1.1042734927640885
datasets/synthetic_data/s2.csv,472,Tree,1.9594204576040863,1.1076077607720318,1.399793005270453
datasets/synthetic_data/s2.csv,472,ARMA,2.0513220903417304,1.152921580130902,1.4322437258866698
datasets/synthetic_data/s2.csv,473,Tree,2.481197697358218,1.2607298661888986,1.5751817981929002
datasets/synthetic_data/s2.csv,473,ARMA,1.8739310136815668,1.0587577769800718,1.368915999497985
datasets/synthetic_data/s2.csv,474,Tree,3.0778791082459214,1.3969747053238426,1.7543885283043552
datasets/synthetic_data/s2.csv,474,ARMA,1.6633836990282767,0.9895277194344363,1.2897223340813622
datasets/synthetic_data/s2.csv,475,Tree,1.9759736996480983,1.186125480967407,1.40569331635606
datasets/synthetic_data/s2.csv,475,ARMA,2.200956469572651,1.1653584334361444,1.4835620882095402
datasets/synthetic_data/s2.csv,476,Tree,2.311112758019986,1.1323985678910122,1.520234441795076
datasets/synthetic_data/s2.csv,476,ARMA,1.0703663759055513,0.8252355693412892,1.0345851226001421
datasets/synthetic_data/s2.csv,477,Tree,1.6939599958451619,1.0094725412185397,1.3015221841540627
datasets/synthetic_data/s2.csv,477,ARMA,1.7305250912916503,1.0539522974114948,1.315494238410663
datasets/synthetic_data/s2.csv,478,Tree,2.749732373823962,1.3338181885613498,1.6582317008862066
datasets/synthetic_data/s2.csv,478,ARMA,1.6836792132605745,0.998102148715471,1.2975666507970118
datasets/synthetic_data/s2.csv,479,Tree,2.2572108462282303,1.2507824806678411,1.502401692700135
datasets/synthetic_data/s2.csv,479,ARMA,1.4938659109578762,0.9614809541193026,1.2222380745819843
datasets/synthetic_data/s2.csv,480,Tree,3.242276251423105,1.598982866614312,1.8006321810472856
datasets/synthetic_data/s2.csv,480,ARMA,1.359947725582138,0.9411111592306334,1.1661679662819322
datasets/synthetic_data/s2.csv,481,Tree,2.327098951746391,1.1876298102151017,1.5254831863204494
datasets/synthetic_data/s2.csv,481,ARMA,1.9667776894703153,1.0059072902126673,1.4024185143780423
datasets/synthetic_data/s2.csv,482,Tree,1.5747251499315653,0.9862896077058864,1.2548805321350576
datasets/synthetic_data/s2.csv,482,ARMA,1.8299280571953431,1.0770074415344948,1.3527483347597746
datasets/synthetic_data/s2.csv,483,Tree,2.3158051818939924,1.213949240195835,1.5217769816546682
datasets/synthetic_data/s2.csv,483,ARMA,1.3166569916094173,0.9299534621215406,1.1474567493415242
datasets/synthetic_data/s2.csv,484,Tree,3.81629397542709,1.6286400682875275,1.953533714945071
datasets/synthetic_data/s2.csv,484,ARMA,3.0956171612479007,1.4470352647091187,1.7594366033614002
datasets/synthetic_data/s2.csv,485,Tree,3.1406738777051237,1.333545070737332,1.7721946500610828
datasets/synthetic_data/s2.csv,485,ARMA,1.1461904294281176,0.8969573096249522,1.07060283458812
datasets/synthetic_data/s2.csv,486,Tree,2.0889570785233302,1.1286301606356834,1.4453224825357593
datasets/synthetic_data/s2.csv,486,ARMA,1.4558452997551903,0.9730428303527567,1.2065841453272914
datasets/synthetic_data/s2.csv,487,Tree,2.0545787552966006,1.1886268191736509,1.433380185190447
datasets/synthetic_data/s2.csv,487,ARMA,1.9427656434622818,1.156540989879328,1.3938312822799903
datasets/synthetic_data/s2.csv,488,Tree,1.588295350152466,1.0080044019677405,1.2602759023929904
datasets/synthetic_data/s2.csv,488,ARMA,1.7733871272263877,1.0755858866168055,1.3316858215158662
datasets/synthetic_data/s2.csv,489,Tree,3.704021388342641,1.5909859941656168,1.9245834324192446
datasets/synthetic_data/s2.csv,489,ARMA,2.339738346146822,1.2590274512354955,1.5296203274495348
datasets/synthetic_data/s2.csv,490,Tree,2.5116736249992524,1.2444380196662652,1.5848260551237958
datasets/synthetic_data/s2.csv,490,ARMA,2.1909275756148086,1.2941092782582975,1.4801782242739583
datasets/synthetic_data/s2.csv,491,Tree,1.273303512530503,0.9553325588579351,1.1284075117308032
datasets/synthetic_data/s2.csv,491,ARMA,1.2933114596388156,0.9276042804295905,1.1372385236346927
datasets/synthetic_data/s2.csv,492,Tree,2.476528755751854,1.2089345899572013,1.5736990677228775
datasets/synthetic_data/s2.csv,492,ARMA,2.070458160422234,1.1418958913465473,1.4389086699378226
datasets/synthetic_data/s2.csv,493,Tree,3.775039492330387,1.5374364750939524,1.942946085801247
datasets/synthetic_data/s2.csv,493,ARMA,2.626591416180134,1.380392749536534,1.6206762218839807
datasets/synthetic_data/s2.csv,494,Tree,4.244313404938904,1.665228200707997,2.060173149261708
datasets/synthetic_data/s2.csv,494,ARMA,1.4585156645706803,0.9865284750109413,1.207690218793992
datasets/synthetic_data/s2.csv,495,Tree,1.5471147553102698,0.9819857909018462,1.2438306779100883
datasets/synthetic_data/s2.csv,495,ARMA,1.399200774050921,0.9630856805609713,1.182878173799365
datasets/synthetic_data/s2.csv,496,Tree,2.3718232192609037,1.3389857860311307,1.540072472080747
datasets/synthetic_data/s2.csv,496,ARMA,2.0833302595868024,1.1723103746146477,1.4433746081966394
datasets/synthetic_data/s2.csv,497,Tree,2.1687237077599626,1.1335051975908326,1.472658720736058
datasets/synthetic_data/s2.csv,497,ARMA,1.5349899003089411,0.9999461156613945,1.2389470934260838
datasets/synthetic_data/s2.csv,498,Tree,1.7677036321138533,0.9758145130723201,1.329550161563622
datasets/synthetic_data/s2.csv,498,ARMA,1.7799384585489484,1.1102590245784778,1.3341433425794054
datasets/synthetic_data/s2.csv,499,Tree,3.056579571233006,1.4248448686330315,1.7483076306053824
datasets/synthetic_data/s2.csv,499,ARMA,2.6905730371623973,1.3230801245234471,1.6402966308452862
datasets/synthetic_data/s2.csv,500,Tree,1.7950555812116922,1.1216597924756908,1.3397968432608327
datasets/synthetic_data/s2.csv,500,ARMA,1.4900749920946024,1.0383910582351359,1.2206862791457116
datasets/synthetic_data/s2.csv,501,Tree,2.7451756883425578,1.3069587996931027,1.6568571719803
datasets/synthetic_data/s2.csv,501,ARMA,1.6550290618631074,1.0103956751660252,1.2864793281911324
datasets/synthetic_data/s2.csv,502,Tree,2.2752999265848675,1.2684916979247884,1.5084097343178569
datasets/synthetic_data/s2.csv,502,ARMA,1.1289175137575163,0.8855618271893745,1.0625053005785507
datasets/synthetic_data/s2.csv,503,Tree,2.382561370711967,1.2068438087153215,1.5435547838389043
datasets/synthetic_data/s2.csv,503,ARMA,2.4806152049994914,1.2039174313158516,1.5749968904729594
datasets/synthetic_data/s2.csv,504,Tree,2.7077779516131124,1.4139885098214802,1.6455327257800474
datasets/synthetic_data/s2.csv,504,ARMA,1.6812219873994168,1.0637547589804648,1.296619445866603
datasets/synthetic_data/s2.csv,505,Tree,1.900369891509357,1.0702438750858638,1.3785390424320079
datasets/synthetic_data/s2.csv,505,ARMA,2.4295341726656647,1.2476655867798052,1.558696305463532
datasets/synthetic_data/s2.csv,506,Tree,2.727146676349625,1.3223495354636532,1.6514074834363641
datasets/synthetic_data/s2.csv,506,ARMA,1.0876548020265688,0.7785723233527975,1.0429068999803237
datasets/synthetic_data/s2.csv,507,Tree,2.7277912955359835,1.4005316226937676,1.6516026445655696
datasets/synthetic_data/s2.csv,507,ARMA,2.6980382674861447,1.2501642616021187,1.642570627853227
datasets/synthetic_data/s2.csv,508,Tree,1.9218541162675333,1.0752190675192324,1.386309531189746
datasets/synthetic_data/s2.csv,508,ARMA,1.6854621049186556,1.0141081983038518,1.2982534825366945
datasets/synthetic_data/s2.csv,509,Tree,2.780659600497902,1.3523309378997448,1.667530989366585
datasets/synthetic_data/s2.csv,509,ARMA,1.5506455091556544,0.9094962374026061,1.245249175529
datasets/synthetic_data/s2.csv,510,Tree,2.4311194350347236,1.1656909407092533,1.5592047444241324
datasets/synthetic_data/s2.csv,510,ARMA,2.333143552551249,1.0979605372448895,1.527463110045951
datasets/synthetic_data/s2.csv,511,Tree,0.7049486282983898,0.6321050966939149,0.8396121892269012
datasets/synthetic_data/s2.csv,511,ARMA,0.7953423703588621,0.7221223800429232,0.8918196961039053
datasets/synthetic_data/s2.csv,512,Tree,3.3498983725407663,1.5683340385904194,1.8302727590555365
datasets/synthetic_data/s2.csv,512,ARMA,2.823357464615825,1.30837294437911,1.680284935543917
datasets/synthetic_data/s2.csv,513,Tree,3.19172605005907,1.515789519279948,1.7865402458548394
datasets/synthetic_data/s2.csv,513,ARMA,2.053315696286247,1.1407070711269578,1.432939529877743
datasets/synthetic_data/s2.csv,514,Tree,2.7490713391052357,1.2636818430560568,1.658032369739878
datasets/synthetic_data/s2.csv,514,ARMA,1.8026649165874573,0.9705815448399913,1.3426335749516536
datasets/synthetic_data/s2.csv,515,Tree,1.4917688268851603,0.9875358401417772,1.221379886392911
datasets/synthetic_data/s2.csv,515,ARMA,1.1126876447661205,0.8502512546816489,1.0548401038859494
datasets/synthetic_data/s2.csv,516,Tree,2.6749371276544793,1.3583105832649394,1.6355235026298092
datasets/synthetic_data/s2.csv,516,ARMA,1.4925837825525572,0.9911039249247343,1.2217134617219199
datasets/synthetic_data/s2.csv,517,Tree,2.3360943078036955,1.2214127180766754,1.5284287055023846
datasets/synthetic_data/s2.csv,517,ARMA,2.1855930060344493,1.2111230517664378,1.478375123584826
datasets/synthetic_data/s2.csv,518,Tree,2.82596863773841,1.349418036132089,1.6810617590494437
datasets/synthetic_data/s2.csv,518,ARMA,2.252732273541573,1.1614665709285137,1.5009104815216572
datasets/synthetic_data/s2.csv,519,Tree,3.2334146468613447,1.5401622975638178,1.7981698047907893
datasets/synthetic_data/s2.csv,519,ARMA,1.8699422184529009,1.0457808745536004,1.367458305928521
datasets/synthetic_data/s2.csv,520,Tree,3.0235451930408526,1.4284189779356706,1.7388344352010208
datasets/synthetic_data/s2.csv,520,ARMA,2.319599957926644,1.2065531619616066,1.5230232952672274
datasets/synthetic_data/s2.csv,521,Tree,2.3595208080578716,1.2859998372586867,1.5360731779631698
datasets/synthetic_data/s2.csv,521,ARMA,2.062518757001697,1.2084881279148962,1.4361471919694364
datasets/synthetic_data/s2.csv,522,Tree,3.3262456958869273,1.3795775288556749,1.8237997959992558
datasets/synthetic_data/s2.csv,522,ARMA,2.4781748631540497,1.1998856254860748,1.5742219866188027
datasets/synthetic_data/s2.csv,523,Tree,1.7198556619997343,0.9426464448507494,1.3114326753591792
datasets/synthetic_data/s2.csv,523,ARMA,2.0035371597150915,1.1383056282068718,1.415463584736496
datasets/synthetic_data/s2.csv,524,Tree,2.2978977054542704,1.2128766281748087,1.515881824369654
datasets/synthetic_data/s2.csv,524,ARMA,1.7137881099743442,0.9680484520351097,1.309117301839046
datasets/synthetic_data/s2.csv,525,Tree,2.7232272037653686,1.2890964838635843,1.6502203500640054
datasets/synthetic_data/s2.csv,525,ARMA,1.6666241498053078,1.0314195339159682,1.2909779819211897
datasets/synthetic_data/s2.csv,526,Tree,2.6624738267417047,1.333600837682836,1.6317088670291966
datasets/synthetic_data/s2.csv,526,ARMA,2.2129469781703954,1.2307773223267104,1.4875977205449045
datasets/synthetic_data/s2.csv,527,Tree,2.6359399211784695,1.4230570932845277,1.623557797301491
datasets/synthetic_data/s2.csv,527,ARMA,1.931229958071654,1.1843847541848207,1.3896870000369344
datasets/synthetic_data/s2.csv,528,Tree,2.700117168214147,1.3429974852151758,1.6432033252808818
datasets/synthetic_data/s2.csv,528,ARMA,1.3479499746405748,0.9762477311588352,1.1610124782449907
datasets/synthetic_data/s2.csv,529,Tree,3.2579567586674014,1.5261374367547884,1.8049810964847808
datasets/synthetic_data/s2.csv,529,ARMA,2.1638920672109485,1.1210066438831208,1.4710173578890728
datasets/synthetic_data/s2.csv,530,Tree,3.0464800711751305,1.4158225123734882,1.7454168760428355
datasets/synthetic_data/s2.csv,530,ARMA,1.4568531400800862,0.8810446612518554,1.2070017150278147
datasets/synthetic_data/s2.csv,531,Tree,2.4692178044060036,1.2929737388825382,1.5713744952766682
datasets/synthetic_data/s2.csv,531,ARMA,1.518526048507009,1.006509355702573,1.2322848893445901
datasets/synthetic_data/s2.csv,532,Tree,4.395549178472203,1.7122825896443674,2.096556504955734
datasets/synthetic_data/s2.csv,532,ARMA,1.771337395670288,1.0335295090887537,1.3309159987280519
